137
130
189
108
132
164
1000021
1000052
187
106
119
195
129
187
193
143
168
152
108
182
131
105
100
120
196
161
198
149
131
135
196
193
101
190
176
144
196
180
118
107
185
114
157
152
123
140
194
190
141
168
157
134
122
115
106
100
175
129
101
170
190
121
154
173
157
130
179
132
169
159
147
102
151
136
194
131
181
145
199
173
111
196
142
113
135
171
118
112
179
196
181
170
148
158
106
181
155
128
136
126
134
156
103
102
104
152
199
152
180
116
199
196
160
119
159
197
104
178
186
109
118
109
199
139
141
141
110
143
188
167
132
136
157
122
175
100
133
162
131
176
106
105
138
136
172
130
198
136
144
139
130
120
135
143
182
137
142
199
169
184
112
165
169
175
185
150
175
184
156
123
137
135
154
153
196
103
164
187
195
153
148
184
150
150
109
170
184
189
186
128
196
121
191
119
198
197
178
151
109
167
165
159
